29.336066468495655 11
20.69591933519715 10
21.028328156322438 11
26.427305047788035 11
21.41102874965631 11
22.659864437936946 11
29.33798344824274 11
17.099195805854695 11
25.106133134203006 11
26.311537384293715 10
39.58717782820333 10
23.593611641490305 11
20.02531971405476 11
27.639656765681572 11
21.70000449319093 11
16.39112114316101 11
15.739404275014431 11
28.721282234733373 11
24.06747067320766 10
23.513636681859634 11
28.922778395307617 11
23.70126602544206 11
19.830995523356737 11
23.271357885752607 11
23.87705029227185 10
23.328231190329298 11
19.8832022929965 11
22.96189365420819 10
21.56513809940507 11
27.949211164485554 10
